nan nan nan nan nan nan nan nan nan nan nan nan nan nan nan nan nan nan 2.438429651292916833e-01 2.437835202328681450e-01
nan nan nan nan nan nan nan nan nan nan nan nan nan nan nan nan nan nan 2.432498175614753455e-01 2.431906614774380360e-01
nan nan nan nan nan nan nan nan nan nan nan nan nan nan nan nan nan nan 2.425418384659774884e-01 2.425418384659774884e-01
nan nan nan nan nan nan nan nan nan nan nan nan nan nan nan nan nan 2.418964683104076197e-01 2.418379685599093554e-01 2.418379685599093554e-01
nan nan nan nan nan nan nan nan nan nan nan nan nan nan nan nan nan 2.411963338145743374e-01 2.411963338145743374e-01 2.411963338145743374e-01
nan nan nan nan nan nan nan nan nan nan nan nan nan nan nan nan 2.406159768997173098e-01 2.405580947787407109e-01 2.405580947787407109e-01 2.405002404990921605e-01
nan nan nan nan nan nan nan nan nan nan nan nan nan nan nan nan 2.399232245669926100e-01 2.399232245669926100e-01 2.399232245669926100e-01 2.399232245669926100e-01
nan nan nan nan nan nan nan nan nan nan nan nan nan nan nan nan 2.393489707982827119e-01 2.392916965769861515e-01 2.392916965769861515e-01 2.392916965769861515e-01
nan nan nan nan nan nan nan nan nan nan nan nan nan nan nan 2.388344876988834908e-01 2.387774594066917611e-01 2.387774594066917611e-01 2.387204583421401738e-01 2.386634844857339344e-01
nan nan nan nan nan nan nan nan nan nan nan nan nan nan nan 2.383222116289859804e-01 2.382086707944795489e-01 2.382086707944795489e-01 2.381519409371815055e-01 2.381519409371815055e-01
nan nan nan nan nan nan nan nan nan nan nan nan nan nan 2.378132178215201786e-01 2.378132178215201786e-01 2.377001608236184726e-01 2.376439276204765361e-01 2.376155626918274866e-01 2.328288707788649936e-01
nan nan nan nan nan nan nan nan nan nan nan nan nan 2.375296912102672631e-01 2.373605506753442007e-01 2.373042240140543768e-01 2.371916508527573964e-01 2.370791844464734954e-01 2.370791844464734954e-01 2.369668246434182834e-01
nan nan nan nan nan nan nan nan nan nan nan nan nan 2.370229912290175711e-01 2.369106846707474956e-01 2.367984844885685780e-01 2.366863905314142424e-01 2.365744026485037121e-01 2.365184484378488883e-01 2.364625206893414822e-01
nan nan nan nan nan nan nan nan nan nan nan nan 2.366863905314142424e-01 2.365184484378488883e-01 2.364066193842139785e-01 2.362948960291174627e-01 2.361832782227740180e-01 2.360717658156810950e-01 2.359603586586185020e-01 2.359603586586185020e-01
nan nan nan nan nan nan nan nan nan nan nan nan 2.361275088536541056e-01 2.360160490902112607e-01 2.359046945022942043e-01 2.357934449411047406e-01 2.356823002581251714e-01 2.355712603051178244e-01 2.355157795561057810e-01 2.354603249341241100e-01
nan nan nan nan nan nan nan nan nan nan nan nan 2.356267671996289115e-01 2.355157795561057810e-01 2.354048964207215433e-01 2.352941176459353301e-01 2.351834430844838009e-01 2.350728725893806159e-01 2.349624060139156867e-01 2.349624060139156867e-01
nan nan nan nan nan nan nan nan nan nan nan 2.351834430844838009e-01 2.351281448378145233e-01 2.350176263208519634e-01 2.349072116502760599e-01 2.347969006797898939e-01 2.346866932633712988e-01 2.345765892552721388e-01 2.344665885100176150e-01 2.344665885100176150e-01
nan nan nan nan nan nan nan nan nan nan nan 2.346866932633712988e-01 2.345765892552721388e-01 2.345215759838708280e-01 2.344665885100176150e-01 2.343017806924145019e-01 2.341920374696077611e-01 2.340823970026276180e-01 2.339728591472216013e-01 2.339728591472216013e-01
nan nan nan nan nan nan nan nan nan nan 2.342468962275064681e-01 2.341920374696077611e-01 2.341372044006614639e-01 2.340276152574830570e-01 2.339728591472216013e-01 2.338087444459259201e-01 2.336994624901203854e-01 2.335902826431266455e-01 2.335357309657228320e-01 2.334267040138247318e-01
nan nan nan nan nan nan nan nan nan nan 2.337540906954710396e-01 2.336994624901203854e-01 2.336448598119685027e-01 2.335902826431266455e-01 2.334812047619017339e-01 2.333177788136316377e-01 2.332089552227670504e-01 2.331002330991200910e-01 2.330459100431659658e-01 2.329373398544666018e-01
